 1850 -0.702 -0.284 -0.732 -0.570 -0.325 -0.213 -0.128 -0.233 -0.444 -0.452 -0.190 -0.268 -0.375
 1850     22     20     19     19     18     21     22     22     24     23     24     25
 1851 -0.303 -0.362 -0.485 -0.445 -0.302 -0.189 -0.215 -0.153 -0.108 -0.063 -0.030 -0.067 -0.223
 1851     23     22     20     21     20     21     22     23     19     20     18     20
 1852 -0.308 -0.477 -0.505 -0.559 -0.209 -0.038 -0.016 -0.195 -0.125 -0.216 -0.187  0.083 -0.224
 1852     23     22     22     23     23     24     23     24     21     22     22     25
 1853 -0.177 -0.330 -0.318 -0.352 -0.268 -0.179 -0.059 -0.148 -0.409 -0.359 -0.256 -0.444 -0.271
 1853     25     26     27     24     25     27     26     29     28     29     26     27
 1854 -0.360 -0.280 -0.284 -0.349 -0.230 -0.215 -0.228 -0.163 -0.115 -0.188 -0.369 -0.232 -0.246
 1854     30     29     29     28     28     27     28     32     28     30     29     28
 1855 -0.176 -0.400 -0.303 -0.217 -0.336 -0.160 -0.268 -0.159 -0.339 -0.211 -0.212 -0.510 -0.271
 1855     29     30     27     28     29     29     30     30     27     25     25     23
 1856 -0.119 -0.373 -0.513 -0.371 -0.119 -0.288 -0.297 -0.305 -0.459 -0.384 -0.608 -0.440 -0.352
 1856     25     27     25     26     27     26     25     27     26     28     31     26
 1857 -0.512 -0.344 -0.434 -0.646 -0.567 -0.310 -0.544 -0.327 -0.393 -0.467 -0.665 -0.356 -0.460
 1857     26     26     26     25     26     24     27     28     26     27     25     24
 1858 -0.532 -0.707 -0.550 -0.517 -0.651 -0.580 -0.324 -0.280 -0.339 -0.200 -0.644 -0.300 -0.466
 1858     26     26     27     26     25     23     23     24     23     21     22     25
 1859 -0.307 -0.192 -0.334 -0.203 -0.310 -0.250 -0.285 -0.104 -0.575 -0.255 -0.316 -0.363 -0.286
 1859     23     24     22     20     21     19     22     22     20     21     19     22
 1860 -0.186 -0.428 -0.643 -0.335 -0.290 -0.307 -0.116 -0.193 -0.229 -0.198 -0.508 -0.752 -0.346
 1860     24     20     21     21     20     18     19     20     18     18     18     17
 1861 -0.890 -0.506 -0.465 -0.395 -0.761 -0.183 -0.221 -0.107 -0.331 -0.355 -0.424 -0.253 -0.409
 1861     18     16     14     13     12     13     14     15     15     16     16     16
 1862 -0.749 -0.773 -0.402 -0.240 -0.232 -0.338 -0.340 -0.694 -0.413 -0.420 -0.753 -0.889 -0.522
 1862     15     14     15     15     17     17     17     16     17     16     14     13
 1863  0.131 -0.020 -0.356 -0.241 -0.320 -0.402 -0.416 -0.321 -0.324 -0.381 -0.333 -0.351 -0.276
 1863     15     14     15     14     17     17     15     16     14     14     14     14
 1864 -0.937 -0.630 -0.509 -0.538 -0.449 -0.162 -0.146 -0.310 -0.439 -0.701 -0.468 -0.602 -0.490
 1864     15     16     15     15     14     17     16     17     14     15     17     16
 1865 -0.093 -0.602 -0.639 -0.224 -0.260 -0.270 -0.128 -0.207 -0.075 -0.272 -0.191 -0.338 -0.270
 1865     15     14     13     14     15     15     14     15     14     13     15     15
 1866  0.039 -0.212 -0.595 -0.263 -0.528  0.108  0.027 -0.261 -0.225 -0.417 -0.301 -0.337 -0.245
 1866     17     16     14     15     14     14     15     14     14     13     14     15
 1867 -0.305  0.022 -0.714 -0.251 -0.542 -0.295 -0.231 -0.225 -0.095 -0.179 -0.309 -0.624 -0.314
 1867     13     15     17     15     15     15     15     14     14     15     15     16
 1868 -0.704 -0.466 -0.070 -0.371 -0.069 -0.176  0.147 -0.037 -0.196 -0.232 -0.500 -0.120 -0.231
 1868     15     14     16     16     17     17     19     18     20     20     20     19
 1869 -0.259  0.270 -0.589 -0.224 -0.281 -0.370 -0.286 -0.072 -0.186 -0.422 -0.375 -0.355 -0.262
 1869     18     18     20     20     20     19     17     22     22     23     22     23
 1870 -0.078 -0.450 -0.406 -0.214 -0.165 -0.209  0.016 -0.262 -0.263 -0.393 -0.164 -0.723 -0.275
 1870     25     25     25     23     21     24     25     22     21     19     22     21
 1871 -0.527 -0.546  0.013 -0.144 -0.315 -0.223 -0.011 -0.221 -0.457 -0.479 -0.540 -0.560 -0.333
 1871     19     18     21     25     22     22     21     26     21     21     23     25
 1872 -0.305 -0.402 -0.471 -0.150 -0.039 -0.208 -0.115 -0.027 -0.128 -0.225 -0.243 -0.424 -0.227
 1872     26     23     22     24     25     25     23     25     25     25     24     29
 1873 -0.018 -0.345 -0.275 -0.521 -0.411 -0.258 -0.162 -0.161 -0.357 -0.402 -0.466 -0.277 -0.303
 1873     26     23     26     24     24     24     24     27     24     24     27     26
 1874  0.054 -0.440 -0.562 -0.507 -0.466 -0.458 -0.174 -0.368 -0.212 -0.436 -0.503 -0.407 -0.374
 1874     23     25     26     26     22     23     24     24     24     29     26     27
 1875 -0.577 -0.613 -0.598 -0.462 -0.176 -0.234 -0.302 -0.183 -0.274 -0.371 -0.500 -0.495 -0.397
 1875     26     26     28     26     26     27     28     27     24     25     26     26
 1876 -0.311 -0.265 -0.383 -0.300 -0.530 -0.284 -0.134 -0.241 -0.434 -0.385 -0.575 -0.710 -0.380
 1876     26     28     27     24     26     30     29     27     23     26     28     28
 1877 -0.325  0.057 -0.293 -0.325 -0.449 -0.088  0.010  0.150  0.028  0.055  0.104  0.172 -0.076
 1877     25     25     27     26     25     25     26     28     29     26     28     29
 1878  0.173  0.404  0.342  0.324 -0.083  0.015 -0.050 -0.024  0.018 -0.120 -0.203 -0.360  0.035
 1878     29     29     27     28     26     27     29     32     30     29     30     32
 1879 -0.197 -0.154 -0.097 -0.215 -0.211 -0.270 -0.233 -0.169 -0.213 -0.121 -0.386 -0.517 -0.232
 1879     29     32     34     32     35     36     34     36     33     32     32     33
 1880 -0.064 -0.176 -0.105 -0.147 -0.241 -0.308 -0.250 -0.115 -0.233 -0.387 -0.408 -0.295 -0.229
 1880     34     35     32     30     30     34     36     37     33     35     36     37
 1881 -0.362 -0.238 -0.187 -0.133 -0.030 -0.229 -0.151 -0.128 -0.244 -0.284 -0.341 -0.138 -0.206
 1881     35     36     36     36     33     34     36     39     37     37     39     38
 1882  0.114 -0.009 -0.053 -0.283 -0.373 -0.317 -0.185 -0.221 -0.155 -0.337 -0.313 -0.463 -0.215
 1882     38     38     38     40     37     37     40     39     39     37     36     36
 1883 -0.409 -0.322 -0.342 -0.394 -0.253 -0.119 -0.195 -0.209 -0.278 -0.381 -0.305 -0.324 -0.295
 1883     42     41     41     38     39     40     42     44     45     44     42     43
 1884 -0.418 -0.217 -0.459 -0.529 -0.392 -0.413 -0.424 -0.410 -0.342 -0.322 -0.558 -0.416 -0.408
 1884     41     43     40     43     47     47     46     46     47     48     46     46
 1885 -0.508 -0.411 -0.484 -0.472 -0.521 -0.488 -0.311 -0.510 -0.333 -0.249 -0.261 -0.156 -0.391
 1885     46     47     46     46     46     43     45     48     47     49     45     51
 1886 -0.401 -0.455 -0.415 -0.336 -0.191 -0.387 -0.285 -0.341 -0.433 -0.363 -0.422 -0.427 -0.369
 1886     48     49     51     46     45     49     49     51     46     49     46     48
 1887 -0.566 -0.556 -0.458 -0.436 -0.354 -0.406 -0.267 -0.367 -0.343 -0.506 -0.408 -0.397 -0.419
 1887     48     46     46     45     43     44     47     48     45     43     45     43
 1888 -0.603 -0.453 -0.543 -0.243 -0.349 -0.291 -0.308 -0.281 -0.216 -0.106 -0.197 -0.176 -0.312
 1888     43     45     44     47     44     43     45     46     43     44     43     44
 1889 -0.054 -0.095 -0.068  0.013 -0.079 -0.149 -0.196 -0.227 -0.381 -0.299 -0.399 -0.175 -0.173
 1889     44     44     42     41     42     42     40     43     41     40     40     42
 1890 -0.324 -0.366 -0.460 -0.319 -0.425 -0.378 -0.414 -0.421 -0.477 -0.504 -0.570 -0.407 -0.419
 1890     44     38     38     41     41     41     40     43     39     37     39     40
 1891 -0.515 -0.467 -0.371 -0.360 -0.207 -0.300 -0.332 -0.318 -0.204 -0.332 -0.546 -0.124 -0.338
 1891     39     39     36     37     40     39     36     36     35     34     41     38
 1892 -0.407 -0.121 -0.459 -0.483 -0.401 -0.466 -0.535 -0.445 -0.325 -0.444 -0.627 -0.794 -0.457
 1892     37     39     40     37     37     36     35     36     37     34     36     34
 1893 -0.962 -0.723 -0.374 -0.562 -0.551 -0.463 -0.278 -0.288 -0.440 -0.271 -0.415 -0.352 -0.474
 1893     36     37     39     38     37     35     36     40     40     38     36     36
 1894 -0.454 -0.379 -0.380 -0.379 -0.426 -0.493 -0.316 -0.343 -0.465 -0.443 -0.424 -0.404 -0.406
 1894     39     38     38     38     37     38     37     40     40     38     37     40
 1895 -0.497 -0.678 -0.527 -0.408 -0.415 -0.332 -0.359 -0.267 -0.286 -0.343 -0.302 -0.318 -0.393
 1895     41     38     38     36     39     40     37     42     40     42     39     41
 1896 -0.224 -0.233 -0.384 -0.350 -0.207 -0.124 -0.112 -0.068 -0.111 -0.130 -0.293 -0.032 -0.189
 1896     43     41     41     39     37     41     41     41     41     41     43     43
 1897 -0.203 -0.124 -0.276 -0.070 -0.028 -0.162 -0.165 -0.160 -0.142 -0.262 -0.460 -0.484 -0.211
 1897     40     40     38     41     44     41     40     42     44     42     41     41
 1898 -0.084 -0.378 -0.752 -0.569 -0.471 -0.322 -0.383 -0.309 -0.335 -0.561 -0.454 -0.361 -0.416
 1898     43     42     40     41     44     45     43     43     41     44     42     44
 1899 -0.212 -0.501 -0.542 -0.347 -0.311 -0.392 -0.283 -0.150 -0.140 -0.189  0.027 -0.457 -0.291
 1899     42     41     42     42     43     43     43     45     46     42     43     44
 1900 -0.246 -0.164 -0.276 -0.252 -0.276 -0.184 -0.193 -0.184 -0.223 -0.060 -0.262 -0.087 -0.200
 1900     43     40     39     38     41     40     41     42     42     42     43     44
 1901 -0.182 -0.270 -0.246 -0.193 -0.197 -0.159 -0.194 -0.199 -0.349 -0.298 -0.446 -0.442 -0.265
 1901     46     47     45     45     42     42     41     45     45     45     44     44
 1902 -0.239 -0.270 -0.393 -0.449 -0.405 -0.449 -0.392 -0.369 -0.370 -0.486 -0.534 -0.524 -0.407
 1902     47     45     47     46     47     48     49     50     47     47     48     47
 1903 -0.274 -0.204 -0.355 -0.472 -0.464 -0.551 -0.496 -0.593 -0.528 -0.658 -0.627 -0.604 -0.485
 1903     46     48     47     47     48     51     50     50     50     47     47     51
 1904 -0.641 -0.603 -0.659 -0.553 -0.538 -0.526 -0.530 -0.483 -0.485 -0.480 -0.386 -0.417 -0.526
 1904     48     48     49     46     48     48     48     50     49     50     49     51
 1905 -0.471 -0.697 -0.461 -0.555 -0.343 -0.329 -0.298 -0.309 -0.322 -0.370 -0.224 -0.205 -0.382
 1905     48     48     47     48     50     49     51     50     48     49     53     50
 1906 -0.073 -0.238 -0.293 -0.114 -0.336 -0.296 -0.321 -0.324 -0.388 -0.353 -0.430 -0.283 -0.288
 1906     50     53     50     50     51     54     51     54     49     48     50     50
 1907 -0.443 -0.519 -0.343 -0.508 -0.552 -0.528 -0.407 -0.461 -0.413 -0.359 -0.581 -0.535 -0.470
 1907     54     50     48     50     49     51     51     53     54     49     54     54
 1908 -0.423 -0.417 -0.636 -0.545 -0.474 -0.478 -0.478 -0.539 -0.458 -0.586 -0.595 -0.577 -0.516
 1908     49     52     53     53     52     50     51     53     49     53     53     55
 1909 -0.583 -0.543 -0.689 -0.609 -0.589 -0.520 -0.585 -0.325 -0.402 -0.480 -0.432 -0.600 -0.530
 1909     54     52     53     54     52     53     57     55     54     56     54     56
 1910 -0.359 -0.517 -0.485 -0.453 -0.473 -0.486 -0.469 -0.443 -0.443 -0.484 -0.653 -0.669 -0.494
 1910     56     54     52     51     54     55     53     55     54     57     56     55
 1911 -0.558 -0.767 -0.701 -0.719 -0.602 -0.574 -0.516 -0.501 -0.511 -0.465 -0.378 -0.291 -0.547
 1911     59     58     57     55     54     53     56     59     50     54     54     55
 1912 -0.362 -0.297 -0.385 -0.336 -0.377 -0.320 -0.458 -0.561 -0.563 -0.643 -0.515 -0.487 -0.440
 1912     55     55     54     56     56     55     57     57     55     56     55     56
 1913 -0.465 -0.515 -0.534 -0.433 -0.509 -0.510 -0.443 -0.395 -0.428 -0.429 -0.270 -0.238 -0.428
 1913     58     62     62     57     59     61     59     60     61     63     59     59
 1914 -0.092 -0.226 -0.335 -0.388 -0.280 -0.290 -0.337 -0.215 -0.261 -0.153 -0.176 -0.245 -0.248
 1914     59     60     59     59     58     58     56     56     47     49     51     50
 1915 -0.117 -0.057 -0.193 -0.056 -0.218 -0.221 -0.118 -0.076 -0.141 -0.259 -0.140 -0.256 -0.151
 1915     49     48     48     49     48     47     48     48     48     48     46     50
 1916 -0.245 -0.186 -0.405 -0.344 -0.363 -0.473 -0.380 -0.348 -0.343 -0.403 -0.573 -0.627 -0.388
 1916     49     50     49     48     50     47     47     52     49     49     49     48
 1917 -0.684 -0.762 -0.826 -0.476 -0.655 -0.351 -0.120 -0.223 -0.123 -0.390 -0.396 -0.624 -0.467
 1917     49     46     48     47     45     46     45     46     46     49     45     43
 1918 -0.505 -0.524 -0.446 -0.492 -0.424 -0.332 -0.342 -0.364 -0.238 -0.098 -0.033 -0.227 -0.335
 1918     47     46     47     43     40     42     44     46     43     42     40     41
 1919 -0.098 -0.079 -0.302 -0.074 -0.265 -0.252 -0.364 -0.330 -0.232 -0.305 -0.531 -0.456 -0.275
 1919     42     43     42     42     47     47     46     46     46     45     49     46
 1920 -0.244 -0.425 -0.123 -0.265 -0.191 -0.215 -0.291 -0.231 -0.137 -0.224 -0.284 -0.345 -0.246
 1920     46     48     47     46     49     46     49     50     47     51     49     52
 1921 -0.137 -0.179 -0.251 -0.228 -0.204 -0.117 -0.138 -0.279 -0.162 -0.139 -0.301 -0.153 -0.187
 1921     54     53     54     54     53     53     53     57     54     55     55     56
 1922 -0.398 -0.273 -0.269 -0.235 -0.382 -0.320 -0.229 -0.347 -0.283 -0.322 -0.288 -0.304 -0.302
 1922     56     60     58     57     55     58     59     61     60     57     60     60
 1923 -0.230 -0.414 -0.408 -0.361 -0.321 -0.244 -0.347 -0.378 -0.321 -0.264 -0.020 -0.004 -0.272
 1923     62     60     63     59     60     62     62     63     62     61     60     60
 1924 -0.315 -0.202 -0.270 -0.280 -0.239 -0.216 -0.264 -0.276 -0.279 -0.313 -0.362 -0.526 -0.293
 1924     61     63     62     59     62     60     62     63     63     58     61     59
 1925 -0.398 -0.305 -0.223 -0.276 -0.258 -0.254 -0.217 -0.130 -0.189 -0.305 -0.056  0.007 -0.213
 1925     62     63     60     61     61     58     61     61     59     60     63     60
 1926  0.090 -0.042 -0.022 -0.169 -0.219 -0.092 -0.235 -0.087 -0.104 -0.085 -0.109 -0.234 -0.106
 1926     63     62     62     60     61     61     62     61     62     64     62     61
 1927 -0.254 -0.146 -0.326 -0.260 -0.259 -0.238 -0.146 -0.144 -0.132 -0.040 -0.173 -0.425 -0.210
 1927     61     65     66     66     66     65     63     67     65     64     65     63
 1928 -0.050 -0.138 -0.339 -0.255 -0.286 -0.344 -0.165 -0.176 -0.223 -0.169 -0.157 -0.235 -0.208
 1928     62     63     62     64     65     62     64     66     63     63     64     64
 1929 -0.479 -0.666 -0.406 -0.389 -0.389 -0.350 -0.362 -0.189 -0.267 -0.180 -0.074 -0.473 -0.350
 1929     63     64     64     64     64     66     63     66     62     64     63     63
 1930 -0.330 -0.293 -0.155 -0.193 -0.197 -0.162 -0.120 -0.057 -0.078 -0.093  0.076 -0.072 -0.136
 1930     62     62     62     62     64     62     62     66     61     63     62     63
 1931 -0.002 -0.151 -0.120 -0.180 -0.165 -0.036  0.007 -0.047 -0.047 -0.040 -0.148 -0.101 -0.083
 1931     63     64     64     64     63     63     62     62     62     61     64     64
 1932  0.162 -0.191 -0.237 -0.066 -0.168 -0.194 -0.128 -0.196 -0.037 -0.172 -0.231 -0.192 -0.134
 1932     64     64     65     65     65     64     63     63     64     65     62     66
 1933 -0.285 -0.315 -0.341 -0.218 -0.211 -0.260 -0.185 -0.176 -0.234 -0.198 -0.310 -0.525 -0.269
 1933     64     62     64     63     61     59     62     65     64     63     66     64
 1934 -0.218 -0.160 -0.388 -0.249 -0.079 -0.042 -0.064 -0.058 -0.094 -0.084  0.024 -0.132 -0.126
 1934     66     63     67     64     64     60     64     64     63     64     65     67
 1935 -0.223  0.105 -0.222 -0.267 -0.242 -0.185 -0.144 -0.153 -0.136 -0.076 -0.299 -0.264 -0.173
 1935     64     65     67     64     64     66     65     69     67     67     68     68
 1936 -0.298 -0.354 -0.293 -0.202 -0.150 -0.162 -0.022 -0.043 -0.105 -0.003 -0.070 -0.009 -0.141
 1936     70     71     71     68     68     69     67     71     69     69     68     69
 1937 -0.121  0.039 -0.273 -0.128 -0.079 -0.008  0.051  0.082  0.112  0.121  0.002 -0.101 -0.024
 1937     69     69     70     68     66     68     71     70     67     67     68     67
 1938  0.019  0.019  0.064  0.085 -0.087 -0.059 -0.045  0.013  0.063  0.147  0.019 -0.293 -0.003
 1938     69     68     70     66     67     66     68     69     67     65     67     68
 1939 -0.066 -0.043 -0.260 -0.095 -0.027  0.062  0.052  0.040 -0.072 -0.273 -0.121  0.216 -0.047
 1939     68     69     68     67     66     66     64     63     57     55     56     58
 1940 -0.185 -0.033 -0.107  0.065  0.026  0.037  0.142  0.050  0.124  0.013 -0.060  0.159  0.020
 1940     58     56     55     54     58     57     59     61     56     56     56     56
 1941 -0.096 -0.019 -0.141  0.023 -0.020  0.123  0.116  0.019 -0.129  0.219  0.053  0.101  0.021
 1941     59     60     61     59     58     62     62     64     61     63     62     49
 1942  0.212 -0.078 -0.087 -0.061 -0.010  0.034 -0.074 -0.061  0.005 -0.076 -0.072  0.013 -0.023
 1942     54     59     59     57     55     54     54     56     52     52     55     51
 1943 -0.202  0.068 -0.200  0.006 -0.013 -0.094 -0.000 -0.001 -0.014  0.237  0.027  0.198  0.001
 1943     51     53     54     50     51     51     50     54     53     51     51     53
 1944  0.290  0.140  0.148  0.056  0.068  0.152  0.221  0.238  0.303  0.212  0.009 -0.020  0.152
 1944     57     57     58     57     55     56     55     56     55     53     54     52
 1945 -0.003 -0.086 -0.039  0.167 -0.099  0.006 -0.080  0.364  0.162  0.185 -0.012 -0.206  0.030
 1945     54     55     53     51     50     52     49     51     46     49     51     53
 1946  0.101  0.046 -0.063  0.135 -0.121 -0.266 -0.048 -0.146 -0.007 -0.048 -0.091 -0.357 -0.070
 1946     51     53     52     56     55     53     59     62     55     57     59     61
 1947 -0.116 -0.180 -0.066  0.096 -0.060  0.007 -0.006 -0.038 -0.075  0.077  0.043 -0.175 -0.040
 1947     59     63     60     59     59     58     62     62     59     56     60     61
 1948  0.089 -0.126 -0.175 -0.042  0.109  0.075 -0.109 -0.001 -0.057  0.031 -0.051 -0.203 -0.037
 1948     60     62     61     60     58     59     62     62     59     60     60     60
 1949  0.150 -0.145 -0.178  0.009 -0.043 -0.186 -0.089 -0.038 -0.072 -0.032 -0.077 -0.188 -0.071
 1949     67     66     69     68     66     66     67     68     68     67     68     69
 1950 -0.333 -0.245 -0.178 -0.165 -0.087 -0.074 -0.039 -0.112 -0.106 -0.125 -0.391 -0.254 -0.172
 1950     70     70     73     67     68     66     68     70     69     66     69     73
 1951 -0.355 -0.463 -0.298 -0.105 -0.013  0.037  0.049  0.142  0.093  0.129 -0.038  0.174 -0.052
 1951     73     72     72     69     67     68     69     71     71     71     72     74
 1952  0.182  0.135 -0.130  0.055  0.040  0.040  0.099  0.094  0.098 -0.009 -0.189 -0.060  0.030
 1952     74     76     74     72     71     72     70     73     71     72     71     73
 1953  0.067  0.146  0.130  0.195  0.138  0.164  0.054  0.095  0.076  0.073 -0.073  0.090  0.097
 1953     76     75     74     70     72     70     71     72     71     72     72     73
 1954 -0.237 -0.088 -0.155 -0.151 -0.207 -0.130 -0.198 -0.094 -0.087 -0.036  0.022 -0.235 -0.132
 1954     73     72     73     71     72     72     70     74     72     72     72     73
 1955  0.125 -0.166 -0.405 -0.244 -0.235 -0.168 -0.200 -0.063 -0.117 -0.164 -0.313 -0.336 -0.190
 1955     74     74     75     72     71     71     70     73     73     72     74     77
 1956 -0.248 -0.348 -0.311 -0.335 -0.280 -0.225 -0.211 -0.243 -0.281 -0.230 -0.259 -0.207 -0.265
 1956     76     78     78     74     73     74     73     73     75     76     76     78
 1957 -0.167 -0.129 -0.185 -0.064  0.052  0.084  0.003  0.094  0.038 -0.013  0.056  0.158 -0.005
 1957     79     79     80     77     74     73     73     76     75     76     77     79
 1958  0.269  0.183 -0.004  0.038  0.035 -0.016  0.041  0.010 -0.052  0.015  0.012  0.027  0.046
 1958     79     80     80     78     76     75     76     77     75     75     78     78
 1959  0.087  0.030  0.080  0.046 -0.012  0.063  0.030  0.048  0.038 -0.035 -0.112 -0.070  0.016
 1959     80     83     82     76     75     75     76     77     77     77     78     81
 1960 -0.029  0.102 -0.316 -0.176 -0.154 -0.029 -0.027  0.007  0.062 -0.027 -0.150  0.141 -0.049
 1960     81     81     82     80     78     75     77     77     78     77     80     81
 1961  0.046  0.185  0.096  0.097  0.087  0.108  0.016  0.030 -0.029 -0.031 -0.020 -0.112  0.039
 1961     83     83     83     80     79     79     78     80     79     80     82     82
 1962  0.055  0.139  0.027  0.025 -0.044 -0.054  0.016 -0.003 -0.014  0.045  0.009 -0.010  0.016
 1962     85     84     84     80     79     79     78     80     80     80     81     82
 1963 -0.050  0.152 -0.142 -0.067 -0.021 -0.033  0.110  0.127  0.126  0.224  0.161 -0.007  0.048
 1963     85     83     82     82     79     78     77     79     80     79     81     84
 1964 -0.045 -0.124 -0.276 -0.244 -0.175 -0.159 -0.171 -0.258 -0.284 -0.268 -0.297 -0.356 -0.222
 1964     86     85     84     82     79     79     78     80     81     81     82     85
 1965 -0.103 -0.244 -0.215 -0.255 -0.159 -0.110 -0.181 -0.112 -0.095 -0.030 -0.140 -0.066 -0.141
 1965     83     84     84     82     80     79     79     80     81     82     83     85
 1966 -0.096 -0.094 -0.063 -0.107 -0.141  0.035  0.031 -0.022 -0.040 -0.105 -0.096 -0.144 -0.070
 1966     86     85     84     81     81     79     79     79     82     81     82     82
 1967 -0.167 -0.235 -0.052 -0.068  0.073 -0.086 -0.066 -0.065 -0.097  0.060 -0.064 -0.151 -0.076
 1967     86     86     85     82     81     80     80     80     80     80     81     84
 1968 -0.242 -0.214  0.036 -0.170 -0.221 -0.106 -0.103 -0.060 -0.086 -0.018 -0.070 -0.110 -0.113
 1968     86     85     85     82     82     81     81     82     81     80     82     84
 1969 -0.171 -0.170 -0.004  0.108  0.126  0.023  0.038  0.051  0.015  0.023  0.132  0.194  0.030
 1969     88     86     83     83     82     81     82     82     83     82     83     86
 1970  0.072  0.143 -0.069  0.058 -0.036 -0.014 -0.049 -0.090 -0.039 -0.074 -0.049 -0.165 -0.027
 1970     88     86     87     84     83     82     82     82     82     82     83     86
 1971 -0.097 -0.291 -0.286 -0.237 -0.215 -0.233 -0.129 -0.168 -0.123 -0.160 -0.080 -0.204 -0.186
 1971     86     87     85     84     80     81     83     82     83     83     83     86
 1972 -0.376 -0.287 -0.134 -0.079 -0.065  0.003 -0.025  0.013 -0.059  0.002 -0.005  0.183 -0.068
 1972     88     88     86     84     81     81     82     81     82     84     84     87
 1973  0.146  0.276  0.226  0.162  0.086  0.110  0.025  0.018 -0.038 -0.041 -0.095 -0.108  0.064
 1973     88     88     86     83     83     84     83     84     82     83     85     86
 1974 -0.376 -0.406 -0.233 -0.179 -0.195 -0.151 -0.125 -0.082 -0.129 -0.215 -0.211 -0.237 -0.212
 1974     89     88     87     83     82     81     82     82     82     83     83     86
 1975 -0.071 -0.092 -0.075 -0.088 -0.083 -0.084 -0.109 -0.179 -0.126 -0.228 -0.313 -0.304 -0.146
 1975     86     87     84     84     83     82     81     83     83     81     83     85
 1976 -0.230 -0.323 -0.442 -0.196 -0.317 -0.250 -0.185 -0.201 -0.164 -0.313 -0.176 -0.081 -0.240
 1976     85     86     85     83     82     81     81     83     81     82     83     85
 1977 -0.081  0.079  0.104  0.094  0.069  0.109  0.060 -0.001  0.032 -0.006  0.137 -0.056  0.045
 1977     87     87     86     84     82     83     82     84     83     83     84     87
 1978  0.014 -0.038  0.027 -0.062 -0.089 -0.133 -0.063 -0.188 -0.054 -0.116  0.045 -0.100 -0.063
 1978     87     87     87     85     83     81     82     82     82     82     82     87
 1979 -0.038 -0.140  0.014 -0.048 -0.030  0.058  0.054  0.080  0.092  0.131  0.147  0.356  0.056
 1979     91     90     89     88     89     88     87     87     86     86     87     89
 1980  0.133  0.219  0.072  0.140  0.139  0.070  0.060  0.036  0.037  0.007  0.131  0.058  0.092
 1980     89     89     88     87     85     85     84     84     83     84     85     89
 1981  0.334  0.196  0.207  0.128  0.066  0.123  0.094  0.122  0.072  0.003  0.071  0.267  0.140
 1981     88     88     89     85     83     83     82     84     82     85     86     87
 1982 -0.048  0.005 -0.127  0.026  0.043 -0.049 -0.019 -0.009  0.074  0.005 -0.010  0.253  0.012
 1982     88     90     90     86     83     82     83     83     83     84     86     87
 1983  0.431  0.310  0.209  0.115  0.135  0.136  0.151  0.198  0.188  0.099  0.257  0.083  0.193
 1983     89     90     89     87     84     84     84     85     85     84     85     87
 1984  0.120  0.017  0.050 -0.041  0.090 -0.014 -0.034  0.040  0.036 -0.023 -0.124 -0.277 -0.013
 1984     90     90     88     86     84     84     83     86     84     85     87     87
 1985  0.008 -0.138 -0.026 -0.035 -0.002 -0.059 -0.057  0.030 -0.030  0.021 -0.077  0.013 -0.029
 1985     89     89     89     87     86     85     88     87     86     87     86     91
 1986  0.127  0.089  0.076  0.082  0.044  0.051 -0.000  0.005  0.013  0.064 -0.004  0.010  0.046
 1986     89     90     89     89     86     85     85     86     85     87     87     88
 1987  0.112  0.302  0.024  0.093  0.143  0.125  0.266  0.233  0.272  0.200  0.196  0.322  0.191
 1987     90     90     89     87     86     86     87     87     86     86     87     89
 1988  0.390  0.229  0.268  0.228  0.210  0.224  0.181  0.179  0.188  0.146  0.030  0.149  0.201
 1988     89     91     89     88     85     86     84     86     86     86     86     87
 1989  0.015  0.147  0.135  0.080  0.079  0.079  0.162  0.181  0.145  0.154  0.062  0.210  0.121
 1989     88     90     89     87     86     85     85     84     85     85     86     87
 1990  0.222  0.307  0.562  0.367  0.280  0.279  0.234  0.252  0.175  0.330  0.316  0.247  0.297
 1990     87     89     87     87     87     85     84     85     84     84     85     86
 1991  0.288  0.292  0.190  0.385  0.302  0.306  0.312  0.261  0.243  0.187  0.158  0.125  0.254
 1991     85     87     87     84     83     84     83     84     83     83     84     85
 1992  0.366  0.321  0.252  0.144  0.178  0.127 -0.013  0.006 -0.059 -0.050 -0.089  0.078  0.105
 1992     87     86     86     83     84     82     81     83     83     83     85     85
 1993  0.312  0.252  0.244  0.131  0.179  0.177  0.133  0.096  0.062  0.098 -0.046  0.119  0.145
 1993     86     86     86     85     81     82     82     83     82     82     83     84
 1994  0.178 -0.052  0.220  0.206  0.271  0.265  0.173  0.182  0.187  0.307  0.308  0.245  0.206
 1994     86     86     85     83     82     81     81     83     83     84     84     85
 1995  0.419  0.595  0.325  0.284  0.216  0.308  0.327  0.354  0.252  0.329  0.322  0.127  0.321
 1995     86     86     87     86     84     84     85     85     85     84     84     85
 1996  0.115  0.323  0.186  0.130  0.216  0.170  0.221  0.205  0.099  0.135  0.149  0.234  0.182
 1996     87     86     86     84     84     84     84     84     84     84     84     85
 1997  0.206  0.318  0.347  0.273  0.286  0.402  0.366  0.438  0.475  0.554  0.498  0.505  0.389
 1997     86     86     85     84     85     84     84     84     84     83     84     85
 1998  0.483  0.763  0.558  0.636  0.573  0.592  0.672  0.603  0.392  0.404  0.295  0.473  0.536
 1998     86     86     86     83     84     83     84     84     82     83     83     84
 1999  0.347  0.589  0.228  0.327  0.245  0.273  0.291  0.223  0.298  0.254  0.237  0.383  0.307
 1999     85     85     84     83     82     82     82     84     83     84     83     85
 2000  0.227  0.455  0.382  0.479  0.280  0.275  0.262  0.358  0.307  0.222  0.162  0.151  0.295
 2000     86     86     85     83     82     82     81     83     82     82     82     84
 2001  0.363  0.325  0.515  0.453  0.414  0.430  0.465  0.500  0.418  0.417  0.611  0.370  0.440
 2001     84     85     84     83     82     82     82     84     82     83     83     84
 2002  0.661  0.705  0.699  0.465  0.425  0.476  0.487  0.445  0.420  0.407  0.449  0.327  0.496
 2002     85     86     86     84     84     83     82     83     83     83     85     85
 2003  0.596  0.453  0.459  0.437  0.477  0.460  0.477  0.550  0.542  0.612  0.459  0.595  0.509
 2003     85     85     85     85     84     84     84     85     85     84     85     87
 2004  0.502  0.611  0.525  0.479  0.315  0.328  0.358  0.397  0.442  0.472  0.600  0.359  0.450
 2004     86     87     86     86     85     85     85     86     86     85     86     87
 2005  0.550  0.395  0.560  0.603  0.520  0.552  0.550  0.540  0.566  0.608  0.629  0.472  0.544
 2005     87     87     85     83     83     84     84     85     85     84     85     86
 2006  0.385  0.562  0.463  0.407  0.401  0.525  0.488  0.532  0.499  0.562  0.541  0.698  0.505
 2006     86     87     87     85     84     85     85     85     86     86     85     86
 2007  0.832  0.560  0.524  0.581  0.447  0.419  0.441  0.443  0.459  0.481  0.387  0.349  0.493
 2007     86     85     86     85     85     85     85     86     86     85     86     87
 2008  0.171  0.245  0.550  0.331  0.340  0.362  0.451  0.432  0.406  0.547  0.524  0.391  0.395
 2008     86     88     88     87     86     86     86     87     86     87     86     87
 2009  0.481  0.441  0.406  0.515  0.441  0.554  0.539  0.589  0.564  0.515  0.545  0.474  0.506
 2009     86     86     86     84     85     84     85     87     85     85     86     87
 2010  0.561  0.577  0.678  0.679  0.591  0.587  0.619  0.543  0.442  0.496  0.593  0.343  0.559
 2010     86     87     87     86     86     87     87     88     87     87     87     87
 2011  0.313  0.327  0.425  0.480  0.384  0.489  0.510  0.488  0.454  0.453  0.347  0.401  0.422
 2011     87     87     86     85     85     84     84     85     85     85     85     85
 2012  0.306  0.302  0.358  0.575  0.574  0.557  0.510  0.536  0.553  0.556  0.554  0.275  0.470
 2012     86     86     84     83     81     81     81     83     83     83     84     84
 2013  0.450  0.486  0.401  0.439  0.520  0.487  0.514  0.533  0.535  0.497  0.639  0.508  0.499
 2013     84     83     83     80     80     79     80     80     79     80     81     82
 2014  0.523  0.313  0.561  0.657  0.599  0.618  0.541  0.666  0.589  0.626  0.489  0.634  0.567
 2014     82     82     81     82     79     80     82     83     81     83     83     83
 2015  0.688  0.660  0.681  0.656  0.696  0.730  0.696  0.732  0.784  0.820  0.810  1.010  0.746
 2015     84     83     84     82     83     83     83     84     84     84     84     85
 2016  0.908  1.061  1.063  0.000  0.000  0.000  0.000  0.000  0.000  0.000  0.000  0.000  1.009
 2016     85     86     84      0      0      0      0      0      0      0      0      0
